0,430
0,429
0,428
0,427
0,426
0,425
0,424
0,423
0,422
0,421
0,420
0,419
0,418
0,417
34,4
34,3
34,2
0,416
34,1
34,0
0,415
0,414
0,413
0,412
0,411
0,410
0,409
0,408
0,407
0,406
0,405
0,404
0,403
0,402
0,401
0,400
0,399
0,398
33,3
33,2
33,1
33,0
0,397
0,396
0,395
32,3
32,2
32,1
32,0
0,394
0,393
0,392
0,391
0,390
0,389
0,388
0,387
0,386
0,385
0,384
0,319
0,278
0,318
0,317
0,316
25,57
25,56
25,55
25,54
25,53
25,52
25,51
25,50
25,49
25,48
25,47
25,46
25,45
25,44
25,43
25,42
25,41
25,40
25,39
25,38
25,37
25,36
25,35
31,3
31,2
31,1
31,0
30,3
30,2
30,1
30,0
29,4
29,3
29,2
29,1
29,0
28,4
28,3
28,2
28,1
28,0
27,3
27,2
27,1
27,0
0,283
0,243
26,3
26,2
0,9
26,1
26,0
13,2
14,2
